1.78125	2.19426
2.44649	2.63975
3.55662	3.71415
4.77383	5.00007
5.68837	5.82506
6.83444	7.07372
9.61884	9.76063
10.5725	10.7856
12.0327	12.2542
14.0489	14.4462
15.1446	15.3052
16.1097	16.2697
17.1426	17.3342
18.3237	18.6249
19.7331	20.007
20.8216	21.2675
22.5236	22.7064
23.852	24.1932
26.4213	26.7594
27.5433	27.6957
29.5471	29.8246
30.4371	30.5595
31.2133	31.4552
32.1502	32.4249
33.3249	33.7034
35.003	35.1522
35.4975	35.6529
36.6251	37.0422
37.7369	38.0485
38.1927	38.389
40.8982	41.2316
42.3422	42.5069
44.1062	44.6044
45.8431	46.0015
46.4498	46.8035
48.9885	49.288
51.2866	51.4068
51.8057	52.0788
52.5432	52.8448
56.0157	56.3572
58.2562	58.5695
60.3197	60.5838
63.9366	64.2105
64.7458	64.9536
65.7059	65.8764
67.0973	67.2451
